25

-133	-209	130	349	-14	-107	-195	-143	307	-95	-267	350	223	287	284	-323	74	300	-198	-60	49	121	285	119	32	
-26	15	-20	87	68	-37	155	-75	-283	-105	118	161	-95	-11	3	107	-229	132	-144	-124	-155	-95	-158	-226	-83	
-49	346	43	-121	-262	-122	-274	0	74	37	-170	32	11	299	36	45	-19	-170	191	192	-51	-104	-17	-218	-136	
13	108	257	102	152	4	211	38	62	288	-123	-18	203	-47	126	-303	127	316	-55	-93	40	86	-19	-16	192	
-42	339	145	-190	192	-85	40	25	65	145	141	-114	169	-62	241	-151	326	272	7	9	-100	6	-260	15	112	
-89	-58	35	179	116	4	181	57	-83	193	214	31	-161	-93	286	-94	259	217	23	-27	256	166	-112	-107	92	
5	178	-223	-41	-105	127	74	397	329	514	-201	-336	250	-173	36	135	153	-76	107	19	70	-597	184	123	154	
32	-118	241	177	-5	-182	23	-30	-48	-110	406	-256	-292	-166	-238	146	73	-80	-128	-42	-98	-178	6	136	219	
-247	-377	117	194	108	-169	-113	-184	-122	65	89	-142	-11	67	-77	-248	388	94	121	-15	162	52	-30	2	90	
-51	125	-80	210	-157	-169	-81	-285	101	-342	-85	-6	-192	109	-237	195	-259	-30	25	-203	-41	53	-188	69	-355	
-67	271	246	260	-109	-1	-371	186	149	66	-13	128	4	292	113	-42	240	219	-10	341	66	-222	-94	39	196	
157	-119	238	121	-58	181	-82	-64	296	-27	165	-83	-88	91	160	46	134	-185	505	-41	-315	-290	-94	11	192	
71	89	200	97	-34	-21	102	-137	225	-313	0	255	61	93	-213	-27	-430	-28	-112	-60	-52	347	76	-147	-83	
35	-16	3	-197	-81	5	-134	11	-178	-1	129	-54	63	171	12	165	199	-84	93	244	-167	-144	-184	12	167	
1	17	179	283	317	-103	47	70	150	-9	154	-132	6	120	-25	-137	4	110	100	-138	-36	-66	-242	-59	53	
-24	-288	268	381	-232	-62	8	-145	238	177	-113	78	152	92	161	-190	-428	-113	162	-356	21	-33	292	29	-154	
45	-25	-172	154	175	149	-223	-72	-305	-39	-204	-136	17	82	-186	-133	266	215	182	158	166	223	-111	-187	211	
129	-95	248	26	-296	-92	22	-197	-76	109	37	37	-104	194	62	112	-124	-182	123	39	-288	-246	162	335	-6	
-60	25	282	-166	187	69	197	-3	97	133	98	161	174	100	208	-256	113	-35	100	52	78	271	-174	77	237	
-7	247	186	-239	-134	-162	-10	-256	-232	-210	5	209	73	148	-93	216	-31	14	-69	75	-97	-131	-137	128	64	
0	-222	-61	171	205	254	-154	35	45	-108	42	219	-39	-65	50	-252	209	43	138	128	-64	53	222	-24	423	
90	166	-110	88	-128	56	-143	-38	-345	-188	61	207	-205	263	19	220	-166	109	-125	288	-56	-349	66	80	-42	
-246	99	150	57	-64	-195	-48	-401	-58	-220	164	295	-12	191	137	-209	-123	135	-101	-34	52	492	-126	-58	-174	
18	-297	119	372	6	-85	-189	-280	-57	-89	-177	-2	-400	127	-85	-130	-76	-64	152	-70	-229	-221	190	81	-245	
67	16	202	205	167	226	-176	179	188	270	-253	-206	407	-3	77	-477	233	421	17	69	230	385	-114	38	146	
0.000064
